(kicad_pcb (version 20171130) (host pcbnew 5.1.9)

  (general
    (thickness 1.6)
    (drawings 30)
    (tracks 90)
    (zones 0)
    (modules 20)
    (nets 14)
  )

  (page A4)
  (layers
    (0 F.Cu signal)
    (31 B.Cu signal)
    (32 B.Adhes user)
    (33 F.Adhes user)
    (34 B.Paste user)
    (35 F.Paste user)
    (36 B.SilkS user)
    (37 F.SilkS user)
    (38 B.Mask user)
    (39 F.Mask user)
    (40 Dwgs.User user)
    (41 Cmts.User user)
    (42 Eco1.User user)
    (43 Eco2.User user)
    (44 Edge.Cuts user)
    (45 Margin user)
    (46 B.CrtYd user)
    (47 F.CrtYd user)
    (48 B.Fab user)
    (49 F.Fab user)
  )

  (setup
    (last_trace_width 0.25)
    (user_trace_width 0.5)
    (user_trace_width 0.75)
    (user_trace_width 1)
    (user_trace_width 2)
    (trace_clearance 0.2)
    (zone_clearance 0.508)
    (zone_45_only no)
    (trace_min 0.2)
    (via_size 0.8)
    (via_drill 0.4)
    (via_min_size 0.4)
    (via_min_drill 0.3)
    (uvia_size 0.3)
    (uvia_drill 0.1)
    (uvias_allowed no)
    (uvia_min_size 0.2)
    (uvia_min_drill 0.1)
    (edge_width 0.05)
    (segment_width 0.2)
    (pcb_text_width 0.3)
    (pcb_text_size 1.5 1.5)
    (mod_edge_width 0.12)
    (mod_text_size 1 1)
    (mod_text_width 0.15)
    (pad_size 1.524 1.524)
    (pad_drill 0.762)
    (pad_to_mask_clearance 0)
    (aux_axis_origin 0 0)
    (visible_elements FFFFFF7F)
    (pcbplotparams
      (layerselection 0x010fc_ffffffff)
      (usegerberextensions false)
      (usegerberattributes true)
      (usegerberadvancedattributes true)
      (creategerberjobfile true)
      (excludeedgelayer true)
      (linewidth 0.100000)
      (plotframeref false)
      (viasonmask false)
      (mode 1)
      (useauxorigin false)
      (hpglpennumber 1)
      (hpglpenspeed 20)
      (hpglpendiameter 15.000000)
      (psnegative false)
      (psa4output false)
      (plotreference true)
      (plotvalue true)
      (plotinvisibletext false)
      (padsonsilk false)
      (subtractmaskfromsilk false)
      (outputformat 1)
      (mirror false)
      (drillshape 1)
      (scaleselection 1)
      (outputdirectory ""))
  )

  (net 0 "")
  (net 1 GND)
  (net 2 +3V3)
  (net 3 /CURRENT_SENS)
  (net 4 /VOLTAGE_SENS)
  (net 5 +BATT)
  (net 6 "Net-(U2-Pad4)")
  (net 7 "Net-(U2-Pad7)")
  (net 8 "Net-(D1-Pad2)")
  (net 9 "Net-(R2-Pad2)")
  (net 10 "Net-(R3-Pad1)")
  (net 11 /+BATT_RAW)
  (net 12 "Net-(J5-Pad2)")
  (net 13 "Net-(J5-Pad1)")

  (net_class Default "This is the default net class."
    (clearance 0.2)
    (trace_width 0.25)
    (via_dia 0.8)
    (via_drill 0.4)
    (uvia_dia 0.3)
    (uvia_drill 0.1)
    (add_net +3V3)
    (add_net +BATT)
    (add_net /+BATT_RAW)
    (add_net /CURRENT_SENS)
    (add_net /VOLTAGE_SENS)
    (add_net GND)
    (add_net "Net-(D1-Pad2)")
    (add_net "Net-(J5-Pad1)")
    (add_net "Net-(J5-Pad2)")
    (add_net "Net-(R2-Pad2)")
    (add_net "Net-(R3-Pad1)")
    (add_net "Net-(U2-Pad4)")
    (add_net "Net-(U2-Pad7)")
  )

  (module hippo:MountingHole_2.7mm_M2.5_Masked (layer F.Cu) (tedit 602A8283) (tstamp 602A86A7)
    (at 47 82)
    (descr "Mounting Hole 2.7mm, no annular, M2.5, DIN965")
    (tags "mounting hole 2.7mm no annular m2.5 din965")
    (path /6026A793)
    (attr virtual)
    (fp_text reference H3 (at 0 -3.35) (layer F.SilkS) hide
      (effects (font (size 1 1) (thickness 0.15)))
    )
    (fp_text value MountingHole (at 0 3.35) (layer F.Fab)
      (effects (font (size 1 1) (thickness 0.15)))
    )
    (fp_text user %R (at 0.3 0) (layer F.Fab)
      (effects (font (size 1 1) (thickness 0.15)))
    )
    (fp_circle (center 0 0) (end 2.6 0) (layer F.CrtYd) (width 0.05))
    (fp_circle (center 0 0) (end 2.35 0) (layer Cmts.User) (width 0.15))
    (pad "" np_thru_hole circle (at 0 0) (size 2.7 2.7) (drill 2.7) (layers *.Cu *.Mask)
      (solder_mask_margin 1) (clearance 1))
  )

  (module hippo:MountingHole_2.7mm_M2.5_Masked (layer F.Cu) (tedit 602A8283) (tstamp 6026F0B4)
    (at 29 82)
    (descr "Mounting Hole 2.7mm, no annular, M2.5, DIN965")
    (tags "mounting hole 2.7mm no annular m2.5 din965")
    (path /6026A542)
    (attr virtual)
    (fp_text reference H2 (at 0 -3.35) (layer F.SilkS) hide
      (effects (font (size 1 1) (thickness 0.15)))
    )
    (fp_text value MountingHole (at 0 3.35) (layer F.Fab)
      (effects (font (size 1 1) (thickness 0.15)))
    )
    (fp_text user %R (at 0.3 0) (layer F.Fab)
      (effects (font (size 1 1) (thickness 0.15)))
    )
    (fp_circle (center 0 0) (end 2.6 0) (layer F.CrtYd) (width 0.05))
    (fp_circle (center 0 0) (end 2.35 0) (layer Cmts.User) (width 0.15))
    (pad "" np_thru_hole circle (at 0 0) (size 2.7 2.7) (drill 2.7) (layers *.Cu *.Mask)
      (solder_mask_margin 1) (clearance 1))
  )

  (module hippo:MountingHole_2.7mm_M2.5_Masked (layer F.Cu) (tedit 602A8283) (tstamp 602A86FC)
    (at 29 58)
    (descr "Mounting Hole 2.7mm, no annular, M2.5, DIN965")
    (tags "mounting hole 2.7mm no annular m2.5 din965")
    (path /6026A354)
    (attr virtual)
    (fp_text reference H1 (at 0 -3.35) (layer F.SilkS) hide
      (effects (font (size 1 1) (thickness 0.15)))
    )
    (fp_text value MountingHole (at 0 3.35) (layer F.Fab)
      (effects (font (size 1 1) (thickness 0.15)))
    )
    (fp_text user %R (at 0.3 0) (layer F.Fab)
      (effects (font (size 1 1) (thickness 0.15)))
    )
    (fp_circle (center 0 0) (end 2.6 0) (layer F.CrtYd) (width 0.05))
    (fp_circle (center 0 0) (end 2.35 0) (layer Cmts.User) (width 0.15))
    (pad "" np_thru_hole circle (at 0 0) (size 2.7 2.7) (drill 2.7) (layers *.Cu *.Mask)
      (solder_mask_margin 1) (clearance 1))
  )

  (module Connector_JST:JST_GH_SM06B-GHS-TB_1x06-1MP_P1.25mm_Horizontal (layer F.Cu) (tedit 5B78AD87) (tstamp 6026F4A3)
    (at 41.5 61.5 180)
    (descr "JST GH series connector, SM06B-GHS-TB (http://www.jst-mfg.com/product/pdf/eng/eGH.pdf), generated with kicad-footprint-generator")
    (tags "connector JST GH top entry")
    (path /6027A35E)
    (attr smd)
    (fp_text reference J5 (at 0 -3.9) (layer F.SilkS) hide
      (effects (font (size 1 1) (thickness 0.15)))
    )
    (fp_text value Conn_01x06 (at 0 3.9) (layer F.Fab)
      (effects (font (size 1 1) (thickness 0.15)))
    )
    (fp_line (start -3.125 -0.892893) (end -2.625 -1.6) (layer F.Fab) (width 0.1))
    (fp_line (start -3.625 -1.6) (end -3.125 -0.892893) (layer F.Fab) (width 0.1))
    (fp_line (start 5.98 -3.2) (end -5.98 -3.2) (layer F.CrtYd) (width 0.05))
    (fp_line (start 5.98 3.2) (end 5.98 -3.2) (layer F.CrtYd) (width 0.05))
    (fp_line (start -5.98 3.2) (end 5.98 3.2) (layer F.CrtYd) (width 0.05))
    (fp_line (start -5.98 -3.2) (end -5.98 3.2) (layer F.CrtYd) (width 0.05))
    (fp_line (start 5.375 -1.6) (end 5.375 2.45) (layer F.Fab) (width 0.1))
    (fp_line (start -5.375 -1.6) (end -5.375 2.45) (layer F.Fab) (width 0.1))
    (fp_line (start -5.375 2.45) (end 5.375 2.45) (layer F.Fab) (width 0.1))
    (fp_line (start -4.215 2.56) (end 4.215 2.56) (layer F.SilkS) (width 0.12))
    (fp_line (start 5.485 -1.71) (end 3.685 -1.71) (layer F.SilkS) (width 0.12))
    (fp_line (start 5.485 -0.26) (end 5.485 -1.71) (layer F.SilkS) (width 0.12))
    (fp_line (start -3.685 -1.71) (end -3.685 -2.7) (layer F.SilkS) (width 0.12))
    (fp_line (start -5.485 -1.71) (end -3.685 -1.71) (layer F.SilkS) (width 0.12))
    (fp_line (start -5.485 -0.26) (end -5.485 -1.71) (layer F.SilkS) (width 0.12))
    (fp_line (start -5.375 -1.6) (end 5.375 -1.6) (layer F.Fab) (width 0.1))
    (fp_text user %R (at 0 0) (layer F.Fab)
      (effects (font (size 1 1) (thickness 0.15)))
    )
    (pad MP smd roundrect (at 4.975 1.35 180) (size 1 2.7) (layers F.Cu F.Paste F.Mask) (roundrect_rratio 0.25))
    (pad MP smd roundrect (at -4.975 1.35 180) (size 1 2.7) (layers F.Cu F.Paste F.Mask) (roundrect_rratio 0.25))
    (pad 6 smd roundrect (at 3.125 -1.85 180) (size 0.6 1.7) (layers F.Cu F.Paste F.Mask) (roundrect_rratio 0.25)
      (net 1 GND))
    (pad 5 smd roundrect (at 1.875 -1.85 180) (size 0.6 1.7) (layers F.Cu F.Paste F.Mask) (roundrect_rratio 0.25)
      (net 1 GND))
    (pad 4 smd roundrect (at 0.625 -1.85 180) (size 0.6 1.7) (layers F.Cu F.Paste F.Mask) (roundrect_rratio 0.25)
      (net 4 /VOLTAGE_SENS))
    (pad 3 smd roundrect (at -0.625 -1.85 180) (size 0.6 1.7) (layers F.Cu F.Paste F.Mask) (roundrect_rratio 0.25)
      (net 3 /CURRENT_SENS))
    (pad 2 smd roundrect (at -1.875 -1.85 180) (size 0.6 1.7) (layers F.Cu F.Paste F.Mask) (roundrect_rratio 0.25)
      (net 12 "Net-(J5-Pad2)"))
    (pad 1 smd roundrect (at -3.125 -1.85 180) (size 0.6 1.7) (layers F.Cu F.Paste F.Mask) (roundrect_rratio 0.25)
      (net 13 "Net-(J5-Pad1)"))
    (model ${KISYS3DMOD}/Connector_JST.3dshapes/JST_GH_SM06B-GHS-TB_1x06-1MP_P1.25mm_Horizontal.wrl
      (at (xyz 0 0 0))
      (scale (xyz 1 1 1))
      (rotate (xyz 0 0 0))
    )
  )

  (module Connector_JST:JST_XH_B2B-XH-A_1x02_P2.50mm_Vertical (layer B.Cu) (tedit 5C28146C) (tstamp 602710A2)
    (at 34.5 81 270)
    (descr "JST XH series connector, B2B-XH-A (http://www.jst-mfg.com/product/pdf/eng/eXH.pdf), generated with kicad-footprint-generator")
    (tags "connector JST XH vertical")
    (path /5FE150FB)
    (fp_text reference J4 (at 1.25 3.55 270) (layer B.SilkS) hide
      (effects (font (size 1 1) (thickness 0.15)) (justify mirror))
    )
    (fp_text value JST-XH (at 1.25 -4.6 270) (layer B.Fab)
      (effects (font (size 1 1) (thickness 0.15)) (justify mirror))
    )
    (fp_line (start -2.85 2.75) (end -2.85 1.5) (layer B.SilkS) (width 0.12))
    (fp_line (start -1.6 2.75) (end -2.85 2.75) (layer B.SilkS) (width 0.12))
    (fp_line (start 4.3 -2.75) (end 1.25 -2.75) (layer B.SilkS) (width 0.12))
    (fp_line (start 4.3 0.2) (end 4.3 -2.75) (layer B.SilkS) (width 0.12))
    (fp_line (start 5.05 0.2) (end 4.3 0.2) (layer B.SilkS) (width 0.12))
    (fp_line (start -1.8 -2.75) (end 1.25 -2.75) (layer B.SilkS) (width 0.12))
    (fp_line (start -1.8 0.2) (end -1.8 -2.75) (layer B.SilkS) (width 0.12))
    (fp_line (start -2.55 0.2) (end -1.8 0.2) (layer B.SilkS) (width 0.12))
    (fp_line (start 5.05 2.45) (end 3.25 2.45) (layer B.SilkS) (width 0.12))
    (fp_line (start 5.05 1.7) (end 5.05 2.45) (layer B.SilkS) (width 0.12))
    (fp_line (start 3.25 1.7) (end 5.05 1.7) (layer B.SilkS) (width 0.12))
    (fp_line (start 3.25 2.45) (end 3.25 1.7) (layer B.SilkS) (width 0.12))
    (fp_line (start -0.75 2.45) (end -2.55 2.45) (layer B.SilkS) (width 0.12))
    (fp_line (start -0.75 1.7) (end -0.75 2.45) (layer B.SilkS) (width 0.12))
    (fp_line (start -2.55 1.7) (end -0.75 1.7) (layer B.SilkS) (width 0.12))
    (fp_line (start -2.55 2.45) (end -2.55 1.7) (layer B.SilkS) (width 0.12))
    (fp_line (start 1.75 2.45) (end 0.75 2.45) (layer B.SilkS) (width 0.12))
    (fp_line (start 1.75 1.7) (end 1.75 2.45) (layer B.SilkS) (width 0.12))
    (fp_line (start 0.75 1.7) (end 1.75 1.7) (layer B.SilkS) (width 0.12))
    (fp_line (start 0.75 2.45) (end 0.75 1.7) (layer B.SilkS) (width 0.12))
    (fp_line (start 0 1.35) (end 0.625 2.35) (layer B.Fab) (width 0.1))
    (fp_line (start -0.625 2.35) (end 0 1.35) (layer B.Fab) (width 0.1))
    (fp_line (start 5.45 2.85) (end -2.95 2.85) (layer B.CrtYd) (width 0.05))
    (fp_line (start 5.45 -3.9) (end 5.45 2.85) (layer B.CrtYd) (width 0.05))
    (fp_line (start -2.95 -3.9) (end 5.45 -3.9) (layer B.CrtYd) (width 0.05))
    (fp_line (start -2.95 2.85) (end -2.95 -3.9) (layer B.CrtYd) (width 0.05))
    (fp_line (start 5.06 2.46) (end -2.56 2.46) (layer B.SilkS) (width 0.12))
    (fp_line (start 5.06 -3.51) (end 5.06 2.46) (layer B.SilkS) (width 0.12))
    (fp_line (start -2.56 -3.51) (end 5.06 -3.51) (layer B.SilkS) (width 0.12))
    (fp_line (start -2.56 2.46) (end -2.56 -3.51) (layer B.SilkS) (width 0.12))
    (fp_line (start 4.95 2.35) (end -2.45 2.35) (layer B.Fab) (width 0.1))
    (fp_line (start 4.95 -3.4) (end 4.95 2.35) (layer B.Fab) (width 0.1))
    (fp_line (start -2.45 -3.4) (end 4.95 -3.4) (layer B.Fab) (width 0.1))
    (fp_line (start -2.45 2.35) (end -2.45 -3.4) (layer B.Fab) (width 0.1))
    (fp_text user %R (at 1.25 -2.7 270) (layer B.Fab)
      (effects (font (size 1 1) (thickness 0.15)) (justify mirror))
    )
    (pad 2 thru_hole oval (at 2.5 0 270) (size 1.7 2) (drill 1) (layers *.Cu *.Mask)
      (net 1 GND))
    (pad 1 thru_hole roundrect (at 0 0 270) (size 1.7 2) (drill 1) (layers *.Cu *.Mask) (roundrect_rratio 0.147059)
      (net 5 +BATT))
    (model ${KISYS3DMOD}/Connector_JST.3dshapes/JST_XH_B2B-XH-A_1x02_P2.50mm_Vertical.wrl
      (at (xyz 0 0 0))
      (scale (xyz 1 1 1))
      (rotate (xyz 0 0 0))
    )
  )

  (module Connector_JST:JST_XH_B2B-XH-A_1x02_P2.50mm_Vertical (layer B.Cu) (tedit 5C28146C) (tstamp 6026F460)
    (at 34.5 56.5 270)
    (descr "JST XH series connector, B2B-XH-A (http://www.jst-mfg.com/product/pdf/eng/eXH.pdf), generated with kicad-footprint-generator")
    (tags "connector JST XH vertical")
    (path /5FE0F487)
    (fp_text reference J3 (at 1.25 3.55 270) (layer B.SilkS) hide
      (effects (font (size 1 1) (thickness 0.15)) (justify mirror))
    )
    (fp_text value JST-XH (at 1.25 -4.6 270) (layer B.Fab)
      (effects (font (size 1 1) (thickness 0.15)) (justify mirror))
    )
    (fp_line (start -2.85 2.75) (end -2.85 1.5) (layer B.SilkS) (width 0.12))
    (fp_line (start -1.6 2.75) (end -2.85 2.75) (layer B.SilkS) (width 0.12))
    (fp_line (start 4.3 -2.75) (end 1.25 -2.75) (layer B.SilkS) (width 0.12))
    (fp_line (start 4.3 0.2) (end 4.3 -2.75) (layer B.SilkS) (width 0.12))
    (fp_line (start 5.05 0.2) (end 4.3 0.2) (layer B.SilkS) (width 0.12))
    (fp_line (start -1.8 -2.75) (end 1.25 -2.75) (layer B.SilkS) (width 0.12))
    (fp_line (start -1.8 0.2) (end -1.8 -2.75) (layer B.SilkS) (width 0.12))
    (fp_line (start -2.55 0.2) (end -1.8 0.2) (layer B.SilkS) (width 0.12))
    (fp_line (start 5.05 2.45) (end 3.25 2.45) (layer B.SilkS) (width 0.12))
    (fp_line (start 5.05 1.7) (end 5.05 2.45) (layer B.SilkS) (width 0.12))
    (fp_line (start 3.25 1.7) (end 5.05 1.7) (layer B.SilkS) (width 0.12))
    (fp_line (start 3.25 2.45) (end 3.25 1.7) (layer B.SilkS) (width 0.12))
    (fp_line (start -0.75 2.45) (end -2.55 2.45) (layer B.SilkS) (width 0.12))
    (fp_line (start -0.75 1.7) (end -0.75 2.45) (layer B.SilkS) (width 0.12))
    (fp_line (start -2.55 1.7) (end -0.75 1.7) (layer B.SilkS) (width 0.12))
    (fp_line (start -2.55 2.45) (end -2.55 1.7) (layer B.SilkS) (width 0.12))
    (fp_line (start 1.75 2.45) (end 0.75 2.45) (layer B.SilkS) (width 0.12))
    (fp_line (start 1.75 1.7) (end 1.75 2.45) (layer B.SilkS) (width 0.12))
    (fp_line (start 0.75 1.7) (end 1.75 1.7) (layer B.SilkS) (width 0.12))
    (fp_line (start 0.75 2.45) (end 0.75 1.7) (layer B.SilkS) (width 0.12))
    (fp_line (start 0 1.35) (end 0.625 2.35) (layer B.Fab) (width 0.1))
    (fp_line (start -0.625 2.35) (end 0 1.35) (layer B.Fab) (width 0.1))
    (fp_line (start 5.45 2.85) (end -2.95 2.85) (layer B.CrtYd) (width 0.05))
    (fp_line (start 5.45 -3.9) (end 5.45 2.85) (layer B.CrtYd) (width 0.05))
    (fp_line (start -2.95 -3.9) (end 5.45 -3.9) (layer B.CrtYd) (width 0.05))
    (fp_line (start -2.95 2.85) (end -2.95 -3.9) (layer B.CrtYd) (width 0.05))
    (fp_line (start 5.06 2.46) (end -2.56 2.46) (layer B.SilkS) (width 0.12))
    (fp_line (start 5.06 -3.51) (end 5.06 2.46) (layer B.SilkS) (width 0.12))
    (fp_line (start -2.56 -3.51) (end 5.06 -3.51) (layer B.SilkS) (width 0.12))
    (fp_line (start -2.56 2.46) (end -2.56 -3.51) (layer B.SilkS) (width 0.12))
    (fp_line (start 4.95 2.35) (end -2.45 2.35) (layer B.Fab) (width 0.1))
    (fp_line (start 4.95 -3.4) (end 4.95 2.35) (layer B.Fab) (width 0.1))
    (fp_line (start -2.45 -3.4) (end 4.95 -3.4) (layer B.Fab) (width 0.1))
    (fp_line (start -2.45 2.35) (end -2.45 -3.4) (layer B.Fab) (width 0.1))
    (fp_text user %R (at 1.25 -2.7 270) (layer B.Fab)
      (effects (font (size 1 1) (thickness 0.15)) (justify mirror))
    )
    (pad 2 thru_hole oval (at 2.5 0 270) (size 1.7 2) (drill 1) (layers *.Cu *.Mask)
      (net 1 GND))
    (pad 1 thru_hole roundrect (at 0 0 270) (size 1.7 2) (drill 1) (layers *.Cu *.Mask) (roundrect_rratio 0.147059)
      (net 5 +BATT))
    (model ${KISYS3DMOD}/Connector_JST.3dshapes/JST_XH_B2B-XH-A_1x02_P2.50mm_Vertical.wrl
      (at (xyz 0 0 0))
      (scale (xyz 1 1 1))
      (rotate (xyz 0 0 0))
    )
  )

  (module Capacitor_SMD:C_0603_1608Metric (layer B.Cu) (tedit 5F68FEEE) (tstamp 6026F3C1)
    (at 41 68 270)
    (descr "Capacitor SMD 0603 (1608 Metric), square (rectangular) end terminal, IPC_7351 nominal, (Body size source: IPC-SM-782 page 76, https://www.pcb-3d.com/wordpress/wp-content/uploads/ipc-sm-782a_amendment_1_and_2.pdf), generated with kicad-footprint-generator")
    (tags capacitor)
    (path /5FE1EB83)
    (attr smd)
    (fp_text reference C1 (at 0 1.43 270) (layer B.SilkS) hide
      (effects (font (size 1 1) (thickness 0.15)) (justify mirror))
    )
    (fp_text value 100nF (at 0 -1.43 270) (layer B.Fab)
      (effects (font (size 1 1) (thickness 0.15)) (justify mirror))
    )
    (fp_line (start -0.8 -0.4) (end -0.8 0.4) (layer B.Fab) (width 0.1))
    (fp_line (start -0.8 0.4) (end 0.8 0.4) (layer B.Fab) (width 0.1))
    (fp_line (start 0.8 0.4) (end 0.8 -0.4) (layer B.Fab) (width 0.1))
    (fp_line (start 0.8 -0.4) (end -0.8 -0.4) (layer B.Fab) (width 0.1))
    (fp_line (start -0.14058 0.51) (end 0.14058 0.51) (layer B.SilkS) (width 0.12))
    (fp_line (start -0.14058 -0.51) (end 0.14058 -0.51) (layer B.SilkS) (width 0.12))
    (fp_line (start -1.48 -0.73) (end -1.48 0.73) (layer B.CrtYd) (width 0.05))
    (fp_line (start -1.48 0.73) (end 1.48 0.73) (layer B.CrtYd) (width 0.05))
    (fp_line (start 1.48 0.73) (end 1.48 -0.73) (layer B.CrtYd) (width 0.05))
    (fp_line (start 1.48 -0.73) (end -1.48 -0.73) (layer B.CrtYd) (width 0.05))
    (fp_text user %R (at 0 0 270) (layer B.Fab)
      (effects (font (size 0.4 0.4) (thickness 0.06)) (justify mirror))
    )
    (pad 1 smd roundrect (at -0.775 0 270) (size 0.9 0.95) (layers B.Cu B.Paste B.Mask) (roundrect_rratio 0.25)
      (net 5 +BATT))
    (pad 2 smd roundrect (at 0.775 0 270) (size 0.9 0.95) (layers B.Cu B.Paste B.Mask) (roundrect_rratio 0.25)
      (net 1 GND))
    (model ${KISYS3DMOD}/Capacitor_SMD.3dshapes/C_0603_1608Metric.wrl
      (at (xyz 0 0 0))
      (scale (xyz 1 1 1))
      (rotate (xyz 0 0 0))
    )
  )

  (module Capacitor_SMD:C_0603_1608Metric (layer F.Cu) (tedit 5F68FEEE) (tstamp 6026F3D2)
    (at 42.5 66 180)
    (descr "Capacitor SMD 0603 (1608 Metric), square (rectangular) end terminal, IPC_7351 nominal, (Body size source: IPC-SM-782 page 76, https://www.pcb-3d.com/wordpress/wp-content/uploads/ipc-sm-782a_amendment_1_and_2.pdf), generated with kicad-footprint-generator")
    (tags capacitor)
    (path /5FDE5982)
    (attr smd)
    (fp_text reference C2 (at 0 -1.43 270) (layer F.SilkS) hide
      (effects (font (size 1 1) (thickness 0.15)))
    )
    (fp_text value 100nF (at 0 1.43) (layer F.Fab)
      (effects (font (size 1 1) (thickness 0.15)))
    )
    (fp_line (start 1.48 0.73) (end -1.48 0.73) (layer F.CrtYd) (width 0.05))
    (fp_line (start 1.48 -0.73) (end 1.48 0.73) (layer F.CrtYd) (width 0.05))
    (fp_line (start -1.48 -0.73) (end 1.48 -0.73) (layer F.CrtYd) (width 0.05))
    (fp_line (start -1.48 0.73) (end -1.48 -0.73) (layer F.CrtYd) (width 0.05))
    (fp_line (start -0.14058 0.51) (end 0.14058 0.51) (layer F.SilkS) (width 0.12))
    (fp_line (start -0.14058 -0.51) (end 0.14058 -0.51) (layer F.SilkS) (width 0.12))
    (fp_line (start 0.8 0.4) (end -0.8 0.4) (layer F.Fab) (width 0.1))
    (fp_line (start 0.8 -0.4) (end 0.8 0.4) (layer F.Fab) (width 0.1))
    (fp_line (start -0.8 -0.4) (end 0.8 -0.4) (layer F.Fab) (width 0.1))
    (fp_line (start -0.8 0.4) (end -0.8 -0.4) (layer F.Fab) (width 0.1))
    (fp_text user %R (at 0 0 90) (layer F.Fab)
      (effects (font (size 0.4 0.4) (thickness 0.06)))
    )
    (pad 2 smd roundrect (at 0.775 0 180) (size 0.9 0.95) (layers F.Cu F.Paste F.Mask) (roundrect_rratio 0.25)
      (net 1 GND))
    (pad 1 smd roundrect (at -0.775 0 180) (size 0.9 0.95) (layers F.Cu F.Paste F.Mask) (roundrect_rratio 0.25)
      (net 2 +3V3))
    (model ${KISYS3DMOD}/Capacitor_SMD.3dshapes/C_0603_1608Metric.wrl
      (at (xyz 0 0 0))
      (scale (xyz 1 1 1))
      (rotate (xyz 0 0 0))
    )
  )

  (module Capacitor_SMD:C_0603_1608Metric (layer B.Cu) (tedit 5F68FEEE) (tstamp 6026F3E3)
    (at 41.75 56 90)
    (descr "Capacitor SMD 0603 (1608 Metric), square (rectangular) end terminal, IPC_7351 nominal, (Body size source: IPC-SM-782 page 76, https://www.pcb-3d.com/wordpress/wp-content/uploads/ipc-sm-782a_amendment_1_and_2.pdf), generated with kicad-footprint-generator")
    (tags capacitor)
    (path /5FDE8F1C)
    (attr smd)
    (fp_text reference C3 (at 0 1.43 270) (layer B.SilkS) hide
      (effects (font (size 1 1) (thickness 0.15)) (justify mirror))
    )
    (fp_text value 100nF (at 0 -1.43 270) (layer B.Fab)
      (effects (font (size 1 1) (thickness 0.15)) (justify mirror))
    )
    (fp_line (start -0.8 -0.4) (end -0.8 0.4) (layer B.Fab) (width 0.1))
    (fp_line (start -0.8 0.4) (end 0.8 0.4) (layer B.Fab) (width 0.1))
    (fp_line (start 0.8 0.4) (end 0.8 -0.4) (layer B.Fab) (width 0.1))
    (fp_line (start 0.8 -0.4) (end -0.8 -0.4) (layer B.Fab) (width 0.1))
    (fp_line (start -0.14058 0.51) (end 0.14058 0.51) (layer B.SilkS) (width 0.12))
    (fp_line (start -0.14058 -0.51) (end 0.14058 -0.51) (layer B.SilkS) (width 0.12))
    (fp_line (start -1.48 -0.73) (end -1.48 0.73) (layer B.CrtYd) (width 0.05))
    (fp_line (start -1.48 0.73) (end 1.48 0.73) (layer B.CrtYd) (width 0.05))
    (fp_line (start 1.48 0.73) (end 1.48 -0.73) (layer B.CrtYd) (width 0.05))
    (fp_line (start 1.48 -0.73) (end -1.48 -0.73) (layer B.CrtYd) (width 0.05))
    (fp_text user %R (at 0 0 270) (layer B.Fab)
      (effects (font (size 0.4 0.4) (thickness 0.06)) (justify mirror))
    )
    (pad 1 smd roundrect (at -0.775 0 90) (size 0.9 0.95) (layers B.Cu B.Paste B.Mask) (roundrect_rratio 0.25)
      (net 3 /CURRENT_SENS))
    (pad 2 smd roundrect (at 0.775 0 90) (size 0.9 0.95) (layers B.Cu B.Paste B.Mask) (roundrect_rratio 0.25)
      (net 1 GND))
    (model ${KISYS3DMOD}/Capacitor_SMD.3dshapes/C_0603_1608Metric.wrl
      (at (xyz 0 0 0))
      (scale (xyz 1 1 1))
      (rotate (xyz 0 0 0))
    )
  )

  (module Capacitor_SMD:C_0603_1608Metric (layer F.Cu) (tedit 5F68FEEE) (tstamp 6026F3F4)
    (at 48.5 58 90)
    (descr "Capacitor SMD 0603 (1608 Metric), square (rectangular) end terminal, IPC_7351 nominal, (Body size source: IPC-SM-782 page 76, https://www.pcb-3d.com/wordpress/wp-content/uploads/ipc-sm-782a_amendment_1_and_2.pdf), generated with kicad-footprint-generator")
    (tags capacitor)
    (path /5FDFAC5C)
    (attr smd)
    (fp_text reference C4 (at 0 -1.43 90) (layer F.SilkS) hide
      (effects (font (size 1 1) (thickness 0.15)))
    )
    (fp_text value 100nF (at 0 1.43 90) (layer F.Fab)
      (effects (font (size 1 1) (thickness 0.15)))
    )
    (fp_line (start 1.48 0.73) (end -1.48 0.73) (layer F.CrtYd) (width 0.05))
    (fp_line (start 1.48 -0.73) (end 1.48 0.73) (layer F.CrtYd) (width 0.05))
    (fp_line (start -1.48 -0.73) (end 1.48 -0.73) (layer F.CrtYd) (width 0.05))
    (fp_line (start -1.48 0.73) (end -1.48 -0.73) (layer F.CrtYd) (width 0.05))
    (fp_line (start -0.14058 0.51) (end 0.14058 0.51) (layer F.SilkS) (width 0.12))
    (fp_line (start -0.14058 -0.51) (end 0.14058 -0.51) (layer F.SilkS) (width 0.12))
    (fp_line (start 0.8 0.4) (end -0.8 0.4) (layer F.Fab) (width 0.1))
    (fp_line (start 0.8 -0.4) (end 0.8 0.4) (layer F.Fab) (width 0.1))
    (fp_line (start -0.8 -0.4) (end 0.8 -0.4) (layer F.Fab) (width 0.1))
    (fp_line (start -0.8 0.4) (end -0.8 -0.4) (layer F.Fab) (width 0.1))
    (fp_text user %R (at 0 0 90) (layer F.Fab)
      (effects (font (size 0.4 0.4) (thickness 0.06)))
    )
    (pad 2 smd roundrect (at 0.775 0 90) (size 0.9 0.95) (layers F.Cu F.Paste F.Mask) (roundrect_rratio 0.25)
      (net 1 GND))
    (pad 1 smd roundrect (at -0.775 0 90) (size 0.9 0.95) (layers F.Cu F.Paste F.Mask) (roundrect_rratio 0.25)
      (net 4 /VOLTAGE_SENS))
    (model ${KISYS3DMOD}/Capacitor_SMD.3dshapes/C_0603_1608Metric.wrl
      (at (xyz 0 0 0))
      (scale (xyz 1 1 1))
      (rotate (xyz 0 0 0))
    )
  )

  (module Diode_SMD:D_0603_1608Metric (layer F.Cu) (tedit 5F68FEF0) (tstamp 602A6D42)
    (at 42.5 82 270)
    (descr "Diode SMD 0603 (1608 Metric), square (rectangular) end terminal, IPC_7351 nominal, (Body size source: http://www.tortai-tech.com/upload/download/2011102023233369053.pdf), generated with kicad-footprint-generator")
    (tags diode)
    (path /6027FF65)
    (attr smd)
    (fp_text reference D1 (at 0 -1.43 90) (layer F.SilkS) hide
      (effects (font (size 1 1) (thickness 0.15)))
    )
    (fp_text value SML-D15MWT86 (at 0 1.43 90) (layer F.Fab)
      (effects (font (size 1 1) (thickness 0.15)))
    )
    (fp_line (start 0.8 -0.4) (end -0.5 -0.4) (layer F.Fab) (width 0.1))
    (fp_line (start -0.5 -0.4) (end -0.8 -0.1) (layer F.Fab) (width 0.1))
    (fp_line (start -0.8 -0.1) (end -0.8 0.4) (layer F.Fab) (width 0.1))
    (fp_line (start -0.8 0.4) (end 0.8 0.4) (layer F.Fab) (width 0.1))
    (fp_line (start 0.8 0.4) (end 0.8 -0.4) (layer F.Fab) (width 0.1))
    (fp_line (start 0.8 -0.735) (end -1.485 -0.735) (layer F.SilkS) (width 0.12))
    (fp_line (start -1.485 -0.735) (end -1.485 0.735) (layer F.SilkS) (width 0.12))
    (fp_line (start -1.485 0.735) (end 0.8 0.735) (layer F.SilkS) (width 0.12))
    (fp_line (start -1.48 0.73) (end -1.48 -0.73) (layer F.CrtYd) (width 0.05))
    (fp_line (start -1.48 -0.73) (end 1.48 -0.73) (layer F.CrtYd) (width 0.05))
    (fp_line (start 1.48 -0.73) (end 1.48 0.73) (layer F.CrtYd) (width 0.05))
    (fp_line (start 1.48 0.73) (end -1.48 0.73) (layer F.CrtYd) (width 0.05))
    (fp_text user %R (at 0 0 90) (layer F.Fab)
      (effects (font (size 0.4 0.4) (thickness 0.06)))
    )
    (pad 1 smd roundrect (at -0.7875 0 270) (size 0.875 0.95) (layers F.Cu F.Paste F.Mask) (roundrect_rratio 0.25)
      (net 1 GND))
    (pad 2 smd roundrect (at 0.7875 0 270) (size 0.875 0.95) (layers F.Cu F.Paste F.Mask) (roundrect_rratio 0.25)
      (net 8 "Net-(D1-Pad2)"))
    (model ${KISYS3DMOD}/Diode_SMD.3dshapes/D_0603_1608Metric.wrl
      (at (xyz 0 0 0))
      (scale (xyz 1 1 1))
      (rotate (xyz 0 0 0))
    )
  )

  (module hippo:AMASS_XT60PW-M (layer F.Cu) (tedit 5FDD0FDD) (tstamp 6026F41E)
    (at 53.5 71 270)
    (path /60272EA0)
    (fp_text reference J1 (at -4.62702 -11.33998 90) (layer F.SilkS) hide
      (effects (font (size 1.000441 1.000441) (thickness 0.015)))
    )
    (fp_text value XT60PW-M (at 1.09188 9.5816 90) (layer F.Fab)
      (effects (font (size 1.001732 1.001732) (thickness 0.015)))
    )
    (fp_line (start -8 8.1) (end -8 -10.6) (layer F.CrtYd) (width 0.05))
    (fp_line (start 8 8.1) (end -8 8.1) (layer F.CrtYd) (width 0.05))
    (fp_line (start 8 -10.6) (end 8 8.1) (layer F.CrtYd) (width 0.05))
    (fp_line (start -8 -10.6) (end 8 -10.6) (layer F.CrtYd) (width 0.05))
    (fp_circle (center -5.6 8.5) (end -5.45 8.5) (layer F.Fab) (width 0.3))
    (fp_circle (center -5.6 8.5) (end -5.45 8.5) (layer F.SilkS) (width 0.3))
    (fp_line (start 7.75 7.85) (end 6 7.85) (layer F.SilkS) (width 0.127))
    (fp_line (start -7.75 7.85) (end -6 7.85) (layer F.SilkS) (width 0.127))
    (fp_line (start 7.75 7.85) (end 7.75 -10.35) (layer F.SilkS) (width 0.127))
    (fp_line (start 7.75 -10.35) (end -7.75 -10.35) (layer F.SilkS) (width 0.127))
    (fp_line (start -7.75 -10.35) (end -7.75 7.85) (layer F.SilkS) (width 0.127))
    (fp_line (start 7.75 -10.35) (end -7.75 -10.35) (layer F.Fab) (width 0.127))
    (fp_line (start 7.75 7.85) (end 7.75 -10.35) (layer F.Fab) (width 0.127))
    (fp_line (start -7.75 7.85) (end 7.75 7.85) (layer F.Fab) (width 0.127))
    (fp_line (start -7.75 -10.35) (end -7.75 7.85) (layer F.Fab) (width 0.127))
    (pad S2 thru_hole oval (at 6.75 0 270) (size 1.2 2.4) (drill oval 0.6 1.7) (layers *.Cu *.Mask))
    (pad S1 thru_hole oval (at -6.75 0 270) (size 1.2 2.4) (drill oval 0.6 1.7) (layers *.Cu *.Mask))
    (pad 2 thru_hole circle (at 3.6 6 270) (size 3.716 3.716) (drill 2.7) (layers *.Cu *.Mask)
      (net 5 +BATT))
    (pad 1 thru_hole rect (at -3.6 6 270) (size 3.716 3.716) (drill 2.7) (layers *.Cu *.Mask)
      (net 1 GND))
    (model ${KIPRJMOD}/../hippo_lib/3d/XT60PW-M.step
      (offset (xyz 0 9.25 4))
      (scale (xyz 1 1 1))
      (rotate (xyz -90 0 180))
    )
  )

  (module Connector_AMASS:AMASS_XT60-M_1x02_P7.20mm_Vertical (layer B.Cu) (tedit 5D6C1D36) (tstamp 6026F437)
    (at 34.5 66.5 270)
    (descr "AMASS female XT60, through hole, vertical, https://www.tme.eu/Document/2d152ced3b7a446066e6c419d84bb460/XT60%20SPEC.pdf")
    (tags "XT60 female vertical")
    (path /5FDCE326)
    (fp_text reference J2 (at 3.6 5.3 90) (layer B.SilkS) hide
      (effects (font (size 1 1) (thickness 0.15)) (justify mirror))
    )
    (fp_text value XT60U-M (at 3.6 -5.4 270) (layer B.Fab)
      (effects (font (size 1 1) (thickness 0.15)) (justify mirror))
    )
    (fp_line (start -1.6 4.6) (end 11.85 4.6) (layer B.CrtYd) (width 0.05))
    (fp_line (start -4.65 1.85) (end -1.6 4.6) (layer B.CrtYd) (width 0.05))
    (fp_line (start -4.65 -1.85) (end -4.65 1.85) (layer B.CrtYd) (width 0.05))
    (fp_line (start -1.6 -4.6) (end -4.65 -1.85) (layer B.CrtYd) (width 0.05))
    (fp_line (start 11.85 -4.6) (end -1.6 -4.6) (layer B.CrtYd) (width 0.05))
    (fp_line (start 11.85 4.6) (end 11.85 -4.6) (layer B.CrtYd) (width 0.05))
    (fp_line (start 11.35 -4.05) (end 11.35 4.05) (layer B.Fab) (width 0.12))
    (fp_line (start -1.4 -4.05) (end 11.35 -4.05) (layer B.Fab) (width 0.12))
    (fp_line (start -4.15 -1.55) (end -1.4 -4.05) (layer B.Fab) (width 0.12))
    (fp_line (start -4.15 1.55) (end -4.15 -1.55) (layer B.Fab) (width 0.12))
    (fp_line (start -1.4 4.05) (end -4.15 1.55) (layer B.Fab) (width 0.12))
    (fp_line (start 11.35 4.05) (end -1.4 4.05) (layer B.Fab) (width 0.12))
    (fp_line (start -4.25 -1.55) (end -1.4 -4.15) (layer B.SilkS) (width 0.12))
    (fp_line (start -1.4 4.15) (end -4.25 1.6) (layer B.SilkS) (width 0.12))
    (fp_line (start 11.45 -4.15) (end 11.45 4.15) (layer B.SilkS) (width 0.12))
    (fp_line (start -1.4 -4.15) (end 11.45 -4.15) (layer B.SilkS) (width 0.12))
    (fp_line (start -4.25 1.6) (end -4.25 -1.55) (layer B.SilkS) (width 0.12))
    (fp_line (start 11.45 4.15) (end -1.4 4.15) (layer B.SilkS) (width 0.12))
    (fp_text user %R (at 3.6 -0.05 270) (layer B.Fab)
      (effects (font (size 1 1) (thickness 0.15)) (justify mirror))
    )
    (pad 2 thru_hole circle (at 7.2 0 270) (size 6 6) (drill 4.5) (layers *.Cu *.Mask)
      (net 11 /+BATT_RAW))
    (pad 1 thru_hole roundrect (at 0 0 270) (size 6 6) (drill 4.5) (layers *.Cu *.Mask) (roundrect_rratio 0.25)
      (net 1 GND))
    (model ${KISYS3DMOD}/Connector_AMASS.3dshapes/AMASS_XT60-M_1x02_P7.2mm_Vertical.wrl
      (at (xyz 0 0 0))
      (scale (xyz 1 1 1))
      (rotate (xyz 0 0 0))
    )
  )

  (module Resistor_SMD:R_0603_1608Metric (layer F.Cu) (tedit 5F68FEEE) (tstamp 602A6D76)
    (at 41 82 90)
    (descr "Resistor SMD 0603 (1608 Metric), square (rectangular) end terminal, IPC_7351 nominal, (Body size source: IPC-SM-782 page 72, https://www.pcb-3d.com/wordpress/wp-content/uploads/ipc-sm-782a_amendment_1_and_2.pdf), generated with kicad-footprint-generator")
    (tags resistor)
    (path /60280691)
    (attr smd)
    (fp_text reference R1 (at 0 -1.43 90) (layer F.SilkS) hide
      (effects (font (size 1 1) (thickness 0.15)))
    )
    (fp_text value 1k (at 0 1.43 90) (layer F.Fab)
      (effects (font (size 1 1) (thickness 0.15)))
    )
    (fp_line (start -0.8 0.4125) (end -0.8 -0.4125) (layer F.Fab) (width 0.1))
    (fp_line (start -0.8 -0.4125) (end 0.8 -0.4125) (layer F.Fab) (width 0.1))
    (fp_line (start 0.8 -0.4125) (end 0.8 0.4125) (layer F.Fab) (width 0.1))
    (fp_line (start 0.8 0.4125) (end -0.8 0.4125) (layer F.Fab) (width 0.1))
    (fp_line (start -0.237258 -0.5225) (end 0.237258 -0.5225) (layer F.SilkS) (width 0.12))
    (fp_line (start -0.237258 0.5225) (end 0.237258 0.5225) (layer F.SilkS) (width 0.12))
    (fp_line (start -1.48 0.73) (end -1.48 -0.73) (layer F.CrtYd) (width 0.05))
    (fp_line (start -1.48 -0.73) (end 1.48 -0.73) (layer F.CrtYd) (width 0.05))
    (fp_line (start 1.48 -0.73) (end 1.48 0.73) (layer F.CrtYd) (width 0.05))
    (fp_line (start 1.48 0.73) (end -1.48 0.73) (layer F.CrtYd) (width 0.05))
    (fp_text user %R (at 0 0 90) (layer F.Fab)
      (effects (font (size 0.4 0.4) (thickness 0.06)))
    )
    (pad 1 smd roundrect (at -0.825 0 90) (size 0.8 0.95) (layers F.Cu F.Paste F.Mask) (roundrect_rratio 0.25)
      (net 8 "Net-(D1-Pad2)"))
    (pad 2 smd roundrect (at 0.825 0 90) (size 0.8 0.95) (layers F.Cu F.Paste F.Mask) (roundrect_rratio 0.25)
      (net 5 +BATT))
    (model ${KISYS3DMOD}/Resistor_SMD.3dshapes/R_0603_1608Metric.wrl
      (at (xyz 0 0 0))
      (scale (xyz 1 1 1))
      (rotate (xyz 0 0 0))
    )
  )

  (module Resistor_SMD:R_0603_1608Metric (layer B.Cu) (tedit 5F68FEEE) (tstamp 6026F4C5)
    (at 40.25 56 90)
    (descr "Resistor SMD 0603 (1608 Metric), square (rectangular) end terminal, IPC_7351 nominal, (Body size source: IPC-SM-782 page 72, https://www.pcb-3d.com/wordpress/wp-content/uploads/ipc-sm-782a_amendment_1_and_2.pdf), generated with kicad-footprint-generator")
    (tags resistor)
    (path /5FDE8055)
    (attr smd)
    (fp_text reference R2 (at 0 1.43 270) (layer B.SilkS) hide
      (effects (font (size 1 1) (thickness 0.15)) (justify mirror))
    )
    (fp_text value 1k (at 0 -1.43 270) (layer B.Fab)
      (effects (font (size 1 1) (thickness 0.15)) (justify mirror))
    )
    (fp_line (start -0.8 -0.4125) (end -0.8 0.4125) (layer B.Fab) (width 0.1))
    (fp_line (start -0.8 0.4125) (end 0.8 0.4125) (layer B.Fab) (width 0.1))
    (fp_line (start 0.8 0.4125) (end 0.8 -0.4125) (layer B.Fab) (width 0.1))
    (fp_line (start 0.8 -0.4125) (end -0.8 -0.4125) (layer B.Fab) (width 0.1))
    (fp_line (start -0.237258 0.5225) (end 0.237258 0.5225) (layer B.SilkS) (width 0.12))
    (fp_line (start -0.237258 -0.5225) (end 0.237258 -0.5225) (layer B.SilkS) (width 0.12))
    (fp_line (start -1.48 -0.73) (end -1.48 0.73) (layer B.CrtYd) (width 0.05))
    (fp_line (start -1.48 0.73) (end 1.48 0.73) (layer B.CrtYd) (width 0.05))
    (fp_line (start 1.48 0.73) (end 1.48 -0.73) (layer B.CrtYd) (width 0.05))
    (fp_line (start 1.48 -0.73) (end -1.48 -0.73) (layer B.CrtYd) (width 0.05))
    (fp_text user %R (at 0 0 270) (layer B.Fab)
      (effects (font (size 0.4 0.4) (thickness 0.06)) (justify mirror))
    )
    (pad 1 smd roundrect (at -0.825 0 90) (size 0.8 0.95) (layers B.Cu B.Paste B.Mask) (roundrect_rratio 0.25)
      (net 3 /CURRENT_SENS))
    (pad 2 smd roundrect (at 0.825 0 90) (size 0.8 0.95) (layers B.Cu B.Paste B.Mask) (roundrect_rratio 0.25)
      (net 9 "Net-(R2-Pad2)"))
    (model ${KISYS3DMOD}/Resistor_SMD.3dshapes/R_0603_1608Metric.wrl
      (at (xyz 0 0 0))
      (scale (xyz 1 1 1))
      (rotate (xyz 0 0 0))
    )
  )

  (module Resistor_SMD:R_0603_1608Metric (layer F.Cu) (tedit 5F68FEEE) (tstamp 6026F4D6)
    (at 48.5 61 90)
    (descr "Resistor SMD 0603 (1608 Metric), square (rectangular) end terminal, IPC_7351 nominal, (Body size source: IPC-SM-782 page 72, https://www.pcb-3d.com/wordpress/wp-content/uploads/ipc-sm-782a_amendment_1_and_2.pdf), generated with kicad-footprint-generator")
    (tags resistor)
    (path /5FDFA2BB)
    (attr smd)
    (fp_text reference R3 (at 0 -1.43 90) (layer F.SilkS) hide
      (effects (font (size 1 1) (thickness 0.15)))
    )
    (fp_text value 1k (at 0 1.43 90) (layer F.Fab)
      (effects (font (size 1 1) (thickness 0.15)))
    )
    (fp_line (start 1.48 0.73) (end -1.48 0.73) (layer F.CrtYd) (width 0.05))
    (fp_line (start 1.48 -0.73) (end 1.48 0.73) (layer F.CrtYd) (width 0.05))
    (fp_line (start -1.48 -0.73) (end 1.48 -0.73) (layer F.CrtYd) (width 0.05))
    (fp_line (start -1.48 0.73) (end -1.48 -0.73) (layer F.CrtYd) (width 0.05))
    (fp_line (start -0.237258 0.5225) (end 0.237258 0.5225) (layer F.SilkS) (width 0.12))
    (fp_line (start -0.237258 -0.5225) (end 0.237258 -0.5225) (layer F.SilkS) (width 0.12))
    (fp_line (start 0.8 0.4125) (end -0.8 0.4125) (layer F.Fab) (width 0.1))
    (fp_line (start 0.8 -0.4125) (end 0.8 0.4125) (layer F.Fab) (width 0.1))
    (fp_line (start -0.8 -0.4125) (end 0.8 -0.4125) (layer F.Fab) (width 0.1))
    (fp_line (start -0.8 0.4125) (end -0.8 -0.4125) (layer F.Fab) (width 0.1))
    (fp_text user %R (at 0 0 90) (layer B.Fab)
      (effects (font (size 0.4 0.4) (thickness 0.06)) (justify mirror))
    )
    (pad 2 smd roundrect (at 0.825 0 90) (size 0.8 0.95) (layers F.Cu F.Paste F.Mask) (roundrect_rratio 0.25)
      (net 4 /VOLTAGE_SENS))
    (pad 1 smd roundrect (at -0.825 0 90) (size 0.8 0.95) (layers F.Cu F.Paste F.Mask) (roundrect_rratio 0.25)
      (net 10 "Net-(R3-Pad1)"))
    (model ${KISYS3DMOD}/Resistor_SMD.3dshapes/R_0603_1608Metric.wrl
      (at (xyz 0 0 0))
      (scale (xyz 1 1 1))
      (rotate (xyz 0 0 0))
    )
  )

  (module Resistor_SMD:R_0603_1608Metric (layer F.Cu) (tedit 5F68FEEE) (tstamp 602A725E)
    (at 51 61.5 180)
    (descr "Resistor SMD 0603 (1608 Metric), square (rectangular) end terminal, IPC_7351 nominal, (Body size source: IPC-SM-782 page 72, https://www.pcb-3d.com/wordpress/wp-content/uploads/ipc-sm-782a_amendment_1_and_2.pdf), generated with kicad-footprint-generator")
    (tags resistor)
    (path /5FDF23D9)
    (attr smd)
    (fp_text reference R4 (at 0 -1.43) (layer F.SilkS) hide
      (effects (font (size 1 1) (thickness 0.15)))
    )
    (fp_text value 100k (at 0 1.43) (layer F.Fab)
      (effects (font (size 1 1) (thickness 0.15)))
    )
    (fp_line (start 1.48 0.73) (end -1.48 0.73) (layer F.CrtYd) (width 0.05))
    (fp_line (start 1.48 -0.73) (end 1.48 0.73) (layer F.CrtYd) (width 0.05))
    (fp_line (start -1.48 -0.73) (end 1.48 -0.73) (layer F.CrtYd) (width 0.05))
    (fp_line (start -1.48 0.73) (end -1.48 -0.73) (layer F.CrtYd) (width 0.05))
    (fp_line (start -0.237258 0.5225) (end 0.237258 0.5225) (layer F.SilkS) (width 0.12))
    (fp_line (start -0.237258 -0.5225) (end 0.237258 -0.5225) (layer F.SilkS) (width 0.12))
    (fp_line (start 0.8 0.4125) (end -0.8 0.4125) (layer F.Fab) (width 0.1))
    (fp_line (start 0.8 -0.4125) (end 0.8 0.4125) (layer F.Fab) (width 0.1))
    (fp_line (start -0.8 -0.4125) (end 0.8 -0.4125) (layer F.Fab) (width 0.1))
    (fp_line (start -0.8 0.4125) (end -0.8 -0.4125) (layer F.Fab) (width 0.1))
    (fp_text user %R (at 0 0) (layer F.Fab)
      (effects (font (size 0.4 0.4) (thickness 0.06)))
    )
    (pad 2 smd roundrect (at 0.825 0 180) (size 0.8 0.95) (layers F.Cu F.Paste F.Mask) (roundrect_rratio 0.25)
      (net 10 "Net-(R3-Pad1)"))
    (pad 1 smd roundrect (at -0.825 0 180) (size 0.8 0.95) (layers F.Cu F.Paste F.Mask) (roundrect_rratio 0.25)
      (net 5 +BATT))
    (model ${KISYS3DMOD}/Resistor_SMD.3dshapes/R_0603_1608Metric.wrl
      (at (xyz 0 0 0))
      (scale (xyz 1 1 1))
      (rotate (xyz 0 0 0))
    )
  )

  (module Resistor_SMD:R_0603_1608Metric (layer F.Cu) (tedit 5F68FEEE) (tstamp 6026F4F8)
    (at 50 58 90)
    (descr "Resistor SMD 0603 (1608 Metric), square (rectangular) end terminal, IPC_7351 nominal, (Body size source: IPC-SM-782 page 72, https://www.pcb-3d.com/wordpress/wp-content/uploads/ipc-sm-782a_amendment_1_and_2.pdf), generated with kicad-footprint-generator")
    (tags resistor)
    (path /5FDF2F90)
    (attr smd)
    (fp_text reference R5 (at 0 -1.43 90) (layer F.SilkS) hide
      (effects (font (size 1 1) (thickness 0.15)))
    )
    (fp_text value 10k (at 0 1.43 90) (layer F.Fab)
      (effects (font (size 1 1) (thickness 0.15)))
    )
    (fp_line (start -0.8 0.4125) (end -0.8 -0.4125) (layer F.Fab) (width 0.1))
